@Right hand swipe left
-1,1512238838223
-0,149395977173288
-1,05049035355086
-0,306915739546217
-0,813021964524991
-0,667975562144661
0,796496830901162
-0,604848847481781
0,904069967937728
-0,342284790382962
0,979674564131779
-0,169962438500543
~
-1,15163680530088
-0,154417504587715
-1,05957578722499
-0,292737704507205
-0,745090864470968
-0,633473586345207
0,79532795472754
-0,591030591343051
0,907860705825102
-0,347457020746476
0,99028351581306
-0,185338588655915
~
-1,15231934335533
-0,158895682204689
-1,04967907983228
-0,319894465062607
-0,79218750002451
-0,657173704549236
0,793944550791146
-0,587797648299657
0,911606336472814
-0,31754778495519
0,98442672145034
-0,189657761635448
~
-1,15222329084159
-0,160734320775133
-1,05529584531181
-0,308885891695591
-0,743482067531366
-0,635340546371227
0,791474922131238
-0,583255262574
0,877602647303531
-0,35297083987271
0,943963649488244
-0,18223484298575
~
-1,15204699565168
-0,162169115837295
-1,04120619259483
-0,365915752977153
-0,786415856756658
-0,648443487661411
0,76215034442091
-0,411140937884459
0,810137318134484
-0,196464311640697
0,832352657815954
-0,153160253644531
~
-1,15147567504887
-0,163481106098504
-1,03941504197604
-0,359765190093835
-0,797421449757004
-0,652876021279302
0,756920218589035
-0,430873161597431
0,750958687723103
-0,381227281083252
0,638860050727359
-0,124170575304161
~
-1,15008643562575
-0,167402629413457
-1,04818753091255
-0,320162644074059
-0,803351144080823
-0,662662234202047
0,867080455887714
-0,4374024448542
0,602647864738107
-0,268711363957274
0,527450698846113
-0,188470127874265
~
-1,13103356494435
-0,191790480558852
-1,03241206179986
-0,347473547392301
-0,800316513763746
-0,680271373524127
0,826345711209377
-0,383523131349206
0,256221358656931
-0,191065771455415
0,125484538294251
-0,143785016941706
~
-1,11799286680954
-0,196886304332764
-1,02774602776766
-0,336827348722079
-0,710223875480719
-0,659129931485421
0,819256725665825
-0,335088129548827
0,0999062048296623
-0,216861400203098
-0,0895878124542736
-0,132281404220021
~
-1,10640772940183
-0,206306234455935
-1,02695761572053
-0,332810141388386
-0,710545896239195
-0,657355097258494
0,805047007110706
-0,302257486713037
0,0915624996437719
-0,230680278752675
-0,155170885424482
-0,200968203023381
~
-1,09612490477329
-0,217397540776863
-1,0249707975644
-0,33339936342961
-0,708931062557372
-0,654861819555291
0,776077986484861
-0,276551512018038
0,184717601673549
-0,243132053512904
-0,0886466519767178
-0,213013708538767
~
-1,08726911696111
-0,235684338003631
-1,02917509072372
-0,335787532650055
-0,707925424512381
-0,660293606252615
0,768900806735106
-0,274885157868843
0,190411617794416
-0,299202342673532
-0,0808845158961008
-0,250056330616899
~
-1,09137918923963
-0,240138062207811
-1,02388598073557
-0,362100791461343
-0,707399907241407
-0,663383680545106
0,769883760456313
-0,276097037592275
0,000259146933320067
-0,233958603632543
-0,267169149957849
-0,182871118682851
~
-1,09244237422011
-0,247977996751911
-1,02807119111241
-0,357534791043586
-0,706621793517928
-0,664145175973472
0,765583851012231
-0,281774393449902
0,00901142559990924
-0,208975130205089
-0,258350642192669
-0,157900306091008
~
-1,0920040505893
-0,261074869169599
-1,0461280717365
-0,344561430227329
-0,707020802919641
-0,663672695901011
0,765873011360088
-0,287878131542674
0,188951747681288
-0,289915873428847
-0,00190724312844928
-0,362332691163107
~
-1,09213547174464
-0,262311508683933
-1,03714948031991
-0,36246058468987
-0,706092293380666
-0,663447348698579
0,766108872231319
-0,288164223730528
0,187833381172934
-0,312937647436091
-0,01403204874907
-0,31344006784329
~
-1,09234838283587
-0,262106588032889
-1,03861927555781
-0,356411148203983
-0,706136942432873
-0,66267244573142
0,768939875590938
-0,289445359029132
0,190928786431421
-0,305958140748313
-0,0132835191942691
-0,308223129514855
~
-1,0926311695457
-0,261864528215727
-1,03964685771166
-0,3519660615629
-0,705837540489927
-0,662000902883866
0,765607818565349
-0,293170463585934
0,188539881634118
-0,282965902832297
-0,00545961191527601
-0,338383384575113
~
-1,09300795407756
-0,261084966290449
-1,0410330405998
-0,345740798178311
-0,708262055542989
-0,659550221630019
0,768001642960307
-0,293680204390117
0,190023546238755
-0,307349701659627
-0,0131856919681909
-0,298487821809165
~
-1,09271756710367
-0,25732858104038
-1,02704897970469
-0,36264005763529
-0,706926816366101
-0,659979338804047
0,770571525192237
-0,29370279519569
0,192659995892387
-0,308381543405013
-0,00992019187187946
-0,293904666530817
~
-1,09241574685532
-0,254581483239084
-1,019142749081
-0,386783046421805
-0,705517647109566
-0,659944167279139
0,766278735651977
-0,296618901036635
0,189016630706293
-0,304052110812986
-0,0145954847032497
-0,297240980340631
~
-1,09271275131435
-0,253600737451952
-1,01944671264499
-0,377115581954908
-0,707914078274103
-0,652849322143213
0,77085021091581
-0,296956084685255
0,193579833632383
-0,301740115138624
-0,0097349933597072
-0,290283828849481
~
-1,09305778783056
-0,253074221470382
-1,02366802352453
-0,368574064410149
-0,706816990062755
-0,654992247769182
0,772688076801699
-0,29705276883504
0,195988696091387
-0,282147704597019
-0,00774237327611616
-0,275506276057265
~
-1,09371592539261
-0,253482680602724
-1,02047308267009
-0,37330525880846
-0,706928455725072
-0,65632246089876
0,773610788695652
-0,297439194780066
0,196532281102376
-0,287581223775059
0,190773748633844
-0,298036779165779
~
-1,09338376905184
-0,253927041083808
-1,02900317706768
-0,357460979419558
-0,707625761004183
-0,655165191063673
0,773617868021633
-0,297244777484366
0,196538691466273
-0,292303586152692
-0,00735747692420675
-0,299208427957119
~
-1,09267738889544
-0,253576554994017
-1,0332629674395
-0,347094684246325
-0,706746417574793
-0,657344284886959
0,762377482251844
-0,299714166381899
0,185923924545186
-0,2917999320848
-0,0165941372364728
-0,280258181380744
~
-1,09518557873677
-0,253736205911122
-1,03570503018464
-0,351752836633408
-0,707829644163984
-0,659710161137033
0,769303410997883
-0,299969300168256
0,19047922832859
-0,290483178770634
-0,0112377354606802
-0,267143598806268
~
-1,09790364493747
-0,25359708703477
-1,04054028992317
-0,346503612710528
-0,708565123342106
-0,661615879863219
0,774972427888234
-0,299961544919311
0,193840466175883
-0,295640736043961
-0,00768763358073556
-0,268972177249883
~
-1,09667453362865
-0,252769298981619
-1,04078189084262
-0,34445263881807
-0,711665147921529
-0,658772405753318
0,773368876643854
-0,299328983893461
0,193240683625577
-0,292341547555759
-0,00878471043933105
-0,275734733752205
~
-1,0958325219606
-0,25315189813424
-1,04248246103228
-0,339809393123796
-0,711762615749408
-0,65863114805456
0,773357946994727
-0,298697374293714
0,193586282356049
-0,298584873865229
-0,00700321790188353
-0,275523787208831
~
-1,09571666039605
-0,253779190106505
-1,04246779135035
-0,339416021322898
-0,71050586829482
-0,659890398710515
0,767935573310527
-0,299258082514566
0,0176632812351415
-0,203569825418092
-0,182950539781966
-0,158807160893274
~
-1,09628411632296
-0,253408687644972
-1,03277934969493
-0,363424438639592
-0,708045418943857
-0,66112134699316
0,766924085451621
-0,298964380781782
-0,00055007765217107
-0,197164460792712
-0,187779086179142
-0,145832687635619
~
-1,09640960891669
-0,255455276832875
-1,03837927061508
-0,370980517966585
-0,707776467974798
-0,661717523662183
0,766778812833254
-0,298591283063008
0,188337436320599
-0,2996169500356
-0,0708945437033603
-0,235861143500057
~
----
@Right hand push up
-0,996584807672259
-0,249264773538833
-0,97299104811984
-0,471921104602965
-0,744779359105555
-0,540419456319969
0,869518075667009
-0,376823578841765
0,767991366470668
-0,297650352472094
0,738754557829079
-0,27474787854099
~
-1,03017780444045
-0,199920976664145
-0,948450465673335
-0,332164364449063
-0,73879427635326
-0,558513135000515
0,872951838055018
-0,372860257462025
0,768049678407986
-0,299220635307695
0,738179442692783
-0,27693026649405
~
-1,012659149138
-0,250397141788987
-0,967587627304362
-0,346076903740203
-0,740172788278159
-0,551806273532344
0,875446234298327
-0,369922046580925
0,76801406209266
-0,299365767781669
0,737657121573866
-0,277576612277558
~
-1,00978042599322
-0,258675224239067
-0,96932890982609
-0,522379183579316
-0,734170710523019
-0,560264219716445
0,877876304387989
-0,366783578992081
0,768207633289403
-0,297921606182232
0,737283995357246
-0,277387238108082
~
-1,00131167328285
-0,28568466486878
-0,969385529813881
-0,504335589604984
-0,731948782509852
-0,56228203010223
0,878109496016514
-0,365926034473018
0,767797598138492
-0,297356310512008
0,736749952272897
-0,277210157582344
~
-1,00128811516756
-0,275195817439272
-0,944317174705699
-0,33748825491648
-0,730798747269172
-0,566336917237909
0,880611691186275
-0,362423154444872
0,768614005676594
-0,295619251394049
0,737158755744584
-0,275883367397404
~
-0,998468294626942
-0,282772088670773
-0,944784570684006
-0,336303240009382
-0,729503812600877
-0,567090751549321
0,881573631547532
-0,360062142196003
0,768073912258913
-0,2943224427114
0,736354136314377
-0,275089176169843
~
-1,00325121867982
-0,27015147650826
-0,952751072717758
-0,355876252541414
-0,728332247370835
-0,56644273182182
0,881532858349887
-0,359496018697404
0,768041762573569
-0,293013008830363
0,735794602010683
-0,273940290622587
~
-1,00457982185437
-0,272046695690494
-0,951092157429678
-0,340180318336468
-0,734383391510566
-0,560023545195041
0,88240289668493
-0,358273237787755
0,768852650739227
-0,29225748721495
0,736184173364928
-0,273287110429087
~
-1,00582840188367
-0,269327537192894
-0,914851749827597
-0,363361805789397
-0,732448811327898
-0,563059599140242
0,883381194140683
-0,356782645193991
0,769159937751793
-0,292078087180582
0,736495007290304
-0,273457309433865
~
-1,00718096273979
-0,275870616453956
-0,970174900957622
-0,488776526529833
-0,817151150429109
-0,617573597472195
0,884166360572275
-0,356404307983061
0,77063913220115
-0,293227067904516
0,73837143193234
-0,274277004407098
~
-1,00813244040424
-0,278102270763304
-0,971513414326224
-0,485815858131831
-0,83837483186154
-0,622781834166643
0,886244254900178
-0,354830050657979
0,772596073282439
-0,292985874520204
0,74019754875626
-0,274396815647229
~
-1,00986350399083
-0,271692156108668
-0,982073144635161
-0,334483340646031
-0,844469418854704
-0,619389361735852
0,887492691246935
-0,353265706194412
0,776084778796286
-0,283657121796178
0,743258007338343
-0,264647392461566
~
-1,00893453614667
-0,279192461168752
-0,98050683815309
-0,337340186990424
-0,842850731451777
-0,625522966330527
0,882466960194163
-0,317087426955794
0,774481192816492
-0,228809389451322
0,747895227750224
-0,186846654311894
~
-1,00882549074223
-0,266221268793057
-0,955316143856687
-0,338513716832148
-0,731970746453372
-0,579340511591307
0,895831390086413
-0,275016784381917
0,791110087382579
-0,0852139467492283
0,762471833872501
-0,0386923978835244
~
-1,00656071288135
-0,264828697140742
-0,959904228964149
-0,331562934898411
-0,727971134396958
-0,575064661681436
0,928337255620715
-0,170519184286639
0,943353307574416
-0,012393162430989
0,788444739254097
0,195248937292676
~
-1,00344814677977
-0,269522344922479
-0,95701540270501
-0,334391955144927
-0,720772044879641
-0,573992569619334
0,959071651655434
-0,0449125364831585
0,886158622844058
0,21742767785423
0,802697136385331
0,417590346823858
~
-0,997703189607607
-0,272733090560618
-0,948789679415722
-0,34311212320654
-0,717010630327458
-0,576002170608303
0,954030545095809
0,093542574537884
0,845878319817929
0,516916742288455
0,782170610578262
0,668962130430329
~
-0,989099564261526
-0,299764004527389
-0,931761936294984
-0,36257053245628
-0,710422514955048
-0,575710537601884
0,955460375792631
0,22076453787825
0,836866611371735
0,69430965686461
0,771602458188805
0,872480320532642
~
-0,984770866474773
-0,327612991758857
-0,947924339964711
-0,385054471522926
-0,785655331802047
-0,650621193145793
0,941369736350813
0,336313067039721
0,833929485209552
0,861021885289202
0,778414640610147
1,03554206866329
~
-0,987014181994414
-0,343481599403099
-0,960449968703693
-0,398804705326818
-0,797218712276072
-0,667934279014341
0,938482003207072
0,395952520076861
0,833985356035437
0,994658290828783
0,79416999585084
1,21034420006343
~
-0,991595658421616
-0,353806008376895
-0,966609353406574
-0,410611312609544
-0,802901690279909
-0,679803524935255
0,927888003939014
0,45526400587962
0,836926735407219
1,10161328133901
0,794167326555521
1,3735305558437
~
-0,987490659769477
-0,381764006411367
-0,975748427711049
-0,470185756986112
-0,80402476827433
-0,696213426250256
0,920691641143751
0,489099542542129
0,837898845154943
1,17068265438684
0,78307115729387
1,46188319844964
~
-0,985905506289102
-0,389061086878446
-0,957376701850909
-0,40438999237446
-0,811395023116041
-0,708447429837848
0,911293807727114
0,508105556837653
0,837368409533797
1,2143769299223
0,783139508101428
1,46157375762898
~
-0,988050180673708
-0,393398139979226
-0,956970156493422
-0,611881945426158
-0,804423637927966
-0,71083355739362
0,906949338472048
0,520415615937261
0,835311682493279
1,23936247683579
0,784258275895845
1,48243634513253
~
-0,996172502525695
-0,362997628018735
-0,969473744676388
-0,427192832002716
-0,807561303664494
-0,696698054144944
0,90191969259906
0,54011362067916
0,840876481448659
1,26427488944054
0,793794786601045
1,50251130584486
~
-0,99831045645364
-0,354697706008692
-0,971420644202282
-0,406765314696583
-0,817040763523443
-0,686240379588371
0,904251954249754
0,546799678237033
0,851403453178419
1,27389447794888
0,814917564870997
1,51112914132346
~
-0,992403041628928
-0,364466006305467
-0,96152867088327
-0,424106489812414
-0,811438739093396
-0,703352021518002
0,905567992719832
0,53747539120483
0,857790516963327
1,26406079780158
0,823522544132741
1,50210357194505
~
-0,984891465033193
-0,345226792080517
-0,965529356195731
-0,403549440575763
-0,824401960224617
-0,685863823495858
0,906917014287624
0,534105386655172
0,859702290754937
1,2600286355693
0,829041107433602
1,49905646554251
~
-0,9762072039476
-0,31973027011073
-0,962801580458043
-0,38400754888361
-0,830878694957711
-0,672758081737419
0,910194661510841
0,529902801746619
0,862430375668423
1,25535371534232
0,83014762766339
1,49746711473914
~
-0,97405086712438
-0,315418508678245
-0,961485014705386
-0,38012038834275
-0,830722390570422
-0,667503164152676
0,912786683675848
0,524915499619046
0,856652754631136
1,24577756566257
0,821123204026559
1,49384545917209
~
-0,970690854123564
-0,30129619930539
-0,964060918547467
-0,368339933311167
-0,834457577405629
-0,656626433271868
0,913610944816724
0,512683685291353
0,852580189876422
1,2299743391378
0,816668372622425
1,48484985070026
~
-0,972248155595432
-0,298436459707924
-0,963262037676101
-0,36492575642957
-0,835547860381749
-0,657026820798531
0,912477953729108
0,493621569613163
0,853383110039177
1,21022441661299
0,820964161875136
1,47408438143287
~
----
@Left hand pull down
-1,04816662060954
-0,0152801368145332
-1,00496583900518
-0,210767510654093
-0,768668300562423
-0,506236480389555
0,750257703065614
-0,441076060846829
0,70657864302749
-0,197887368215923
0,691694390786337
-0,109401422288624
~
-1,04642036053939
-0,00857787068063203
-1,00271092005487
-0,206597482827682
-0,769720082146763
-0,505814162388623
0,750200322571657
-0,436933544032369
0,711031912369597
-0,214367249031424
0,691328850167629
-0,109648049526439
~
-1,04253155824066
-0,00451876596763984
-1,00139942625856
-0,198095518176093
-0,757504211666828
-0,523135166125004
0,750753802339687
-0,442155265600638
0,707916547130203
-0,19904892179943
0,690682959785826
-0,110017803834572
~
-1,03609502639445
0,00533297428150886
-0,995109376597216
-0,195569172314167
-0,749204948640871
-0,531602596744524
0,748547630194384
-0,435903376390248
0,706817702538661
-0,193696703707947
0,69020664677875
-0,110529798296843
~
-1,02487875085708
0,0223848879707803
-0,985036671541262
-0,182651318864349
-0,747165747323905
-0,53441830417469
0,752747360328823
-0,439339222214594
0,755164378061862
-0,441723383182198
0,688994641985718
-0,113740820412261
~
-1,01822393720004
0,0346462152134741
-0,980759392687404
-0,172961388803256
-0,744990330221139
-0,537775930902685
0,759611284111556
-0,461710627835904
0,756856838873024
-0,474263692401889
0,688517498582976
-0,115122558512008
~
-1,0130570332231
0,0508158086123401
-0,980001765820394
-0,154970652459374
-0,757728650127892
-0,519428565448768
0,750066315354408
-0,456209810719276
0,705349959861434
-0,182798590465552
0,6881324614178
-0,115502524833106
~
-1,01269281343452
0,0541288224030002
-0,982078550201702
-0,15087694182234
-0,776611092817724
-0,499322587837528
0,752438557129685
-0,462236290341011
0,70380824098155
-0,192460300083048
0,687862257506198
-0,116157431180729
~
-1,01391517571194
0,0502028069576717
-0,990473659194034
-0,152740751229419
-0,786952105278951
-0,487892342384641
0,748282366143799
-0,459878422994788
0,72432608092333
-0,278566814388972
0,685666004461566
-0,118542225901024
~
-1,02888162083087
0,00778753833283238
-1,0009997227849
-0,18057657076167
-0,789781068996674
-0,482184221200351
0,747236354709009
-0,454406999604068
0,695232302545096
-0,183252599233933
0,683131498363155
-0,120690429281846
~
-1,04496224221734
-0,170379995476358
-1,00188777363763
-0,274962003677659
-0,797318149631636
-0,476289205961352
0,749825653249154
-0,473461645777543
0,694369064002794
-0,193320869755128
0,680689010153353
-0,124361387821767
~
-1,1043307122272
-0,494186994420721
-1,11614356030401
-0,636133540004998
-0,91429742590443
-0,504091655585193
0,747148088349769
-0,482962877116458
0,69283743778109
-0,204066807369827
0,678351578055688
-0,127020036547556
~
-1,23301703353929
-0,830092160842902
-1,14771289480113
-0,76461305258226
-0,946598343302033
-0,499212251543339
0,751860369865333
-0,490799750658782
0,690221201948393
-0,218322061447427
0,675510267577774
-0,133296932092933
~
-1,35628998282061
-1,11622144595203
-1,24372449436407
-0,961367357324403
-0,944912612145646
-0,502322910565399
0,749522336252936
-0,487377405036365
0,761559009246802
-0,537102115868359
0,67294851106304
-0,136396843884989
~
-1,39225170451418
-1,29910917264424
-1,23115261390322
-1,10503616671026
-0,94597743838445
-0,514128319993986
0,747372823962371
-0,480904683686012
0,777266875791789
-0,54688028021093
0,67227652305723
-0,139555911604728
~
-1,40593044037096
-1,19604556407759
-1,25322729344504
-1,19312506392656
-0,95197578837586
-0,537484069508505
0,744648072112611
-0,482769205737823
0,695288889479015
-0,252255952305676
0,674630330132749
-0,14697878140506
~
-1,28509598799794
-1,42908869306483
-1,22882753949549
-1,24977587298918
-0,961403715198331
-0,570412649174117
0,771125902477141
-0,547554606570891
0,685948342344778
-0,191672318740089
0,672040803649561
-0,106778161534102
~
-1,23857691032627
-1,45815228340256
-1,19511537408544
-1,27558791842899
-0,949413387193269
-0,588394006138511
0,755907320042695
-0,439986380486629
0,695544828707037
-0,217510561797249
0,688381033240539
-0,167801047491503
~
-1,21062140333942
-1,46176295983734
-1,16596813181357
-1,28149827232802
-0,944634210576214
-0,583513185899761
0,757569047070574
-0,439213522331486
0,702175702781741
-0,232920298752234
0,694873060422022
-0,182798164402824
~
-1,19901152791883
-1,45699933848884
-1,14164855684745
-1,28030324490386
-0,93714590753301
-0,577873740484422
0,760168722355856
-0,438897171702938
0,705228438764539
-0,242707158545773
0,696636528326541
-0,19754988512818
~
-1,19009689566513
-1,4477599374129
-1,13677297565008
-1,27138944761289
-0,938709114119932
-0,567470753776361
0,741833110217724
-0,529386430572234
0,700906755364402
-0,317182838056668
0,689415529018067
-0,222898617755986
~
-1,18471757930898
-1,44537794522793
-1,14269564947631
-1,26529042036358
-0,937931808586148
-0,563870699647579
0,74535555864393
-0,534888360335723
0,700954787741647
-0,314422186794798
0,682055487803846
-0,228742963870203
~
-1,18494990954209
-1,44714160718268
-1,14664648641183
-1,26523458179694
-0,939510895405253
-0,563520753661022
0,750300216689562
-0,550850346660975
0,74500986488305
-0,53926560123382
0,67775000818964
-0,231399180091536
~
-1,18530963892536
-1,44533655353845
-1,14238514696486
-1,26421549794781
-0,941936828765429
-0,56303485656937
0,757167515085076
-0,575340558472539
0,686801430234004
-0,355819073568013
0,675148195291054
-0,234752805238817
~
-1,18500398589963
-1,44679439709035
-1,15007003015758
-1,26265042193955
-0,949214869856721
-0,565254720671316
0,758670805689202
-0,577225871409556
0,6899559238525
-0,355408899355152
0,672426945531365
-0,238428262862225
~
-1,19997281690197
-1,43067632504262
-1,17142452183299
-1,24558446430622
-0,960581694653299
-0,566032337728982
0,754035911827098
-0,562852495443857
0,694739804096249
-0,338438589205056
0,673978083131272
-0,237302413200801
~
-1,21577586919545
-1,41834912044292
-1,18221700599983
-1,23392453057166
-0,970011473829622
-0,56082041178271
0,734876270554804
-0,488531884963324
0,678829218328665
-0,284667841787001
0,668504076841732
-0,234039418628076
~
-1,2286491506997
-1,39046668268227
-1,20372724137281
-1,20739062539331
-0,979666918376573
-0,553091040141876
0,731779933791286
-0,505326523435658
0,688729648058643
-0,315902260751426
0,663928212577292
-0,229863033035758
~
-1,247927621791
-1,34431328310725
-1,22203555425624
-1,16696083239215
-0,98610290907194
-0,548217798510649
0,737793608268944
-0,533706049410533
0,743145617975766
-0,565740122320123
0,667483056287695
-0,23591901905878
~
-1,31904915354256
-1,29869623281465
-1,21514229841974
-1,05837810480557
-0,992258174468982
-0,542094927307571
0,736048717907726
-0,495303697343483
0,685624093216237
-0,288596388438841
0,665775696401059
-0,231418112664879
~
-1,33273061822031
-1,17815104435452
-1,24266376835187
-0,990590101157463
-0,991584341904426
-0,530920328475077
0,731197879320348
-0,498699018006545
0,680902323751304
-0,291375253385396
0,661799893320262
-0,22671096572881
~
-1,33890937201555
-1,02349077054015
-1,23587412431712
-0,886862149967831
-0,981496923279022
-0,520173401942356
0,726262511682929
-0,494284241540247
0,730044390833825
-0,476183813947076
0,658829127216205
-0,224770123254394
~
-1,31277973979548
-0,878550688670961
-1,21525552632184
-0,782921569528685
-0,960952845340475
-0,511003303997513
0,730407352468557
-0,502210401261217
0,676478511747934
-0,27816099832434
0,654928799208094
-0,220992561434646
~
----
@Two hands zoom in
-1,18075206565184
-0,00866472627580033
-1,11520710161942
-0,194787366155134
-0,963868189319482
-0,503031861549031
0,817408448683918
-0,532224712807852
0,899256317248154
-0,145200554779382
0,9119535631136
-0,0475422537338387
~
-1,18247457365458
-0,0159403863602
-1,12124279795848
-0,213915744082485
-0,967390751161452
-0,500243804409748
0,819813969613645
-0,529317993870322
0,90677171136961
-0,144448053316423
0,920122232712349
-0,0506303369980549
~
-1,19186343318472
-0,0200453966258738
-1,13703612445181
-0,212901632333738
-0,970802571699204
-0,50805992394072
0,81997976789031
-0,516179577727516
0,913870432308692
-0,140463870301252
0,930929606400859
-0,0534482693694797
~
-1,19993301543157
-0,0238360888482975
-1,14689215753472
-0,205435751055802
-0,972715461279563
-0,501582505986467
0,821532439478094
-0,507740036288561
0,911323922100474
-0,227017096686152
0,937671273270066
-0,0556429571128474
~
-1,20632733918304
-0,0250347048658034
-1,14006149964609
-0,250127227429875
-0,973341313114995
-0,499853915784779
0,819646774751443
-0,50944152050833
0,925333194891216
-0,149447154586276
0,939837773877116
-0,056940985103131
~
-1,20797550651231
-0,0241389780933725
-1,1526626732643
-0,201200180177788
-0,975056717864349
-0,496748818358607
0,815439045472316
-0,490565245609151
0,927043583331096
-0,134073120580818
0,941348839260728
-0,0576011100897639
~
-1,21120042247318
-0,0181410938034406
-1,14671394182258
-0,20422927851176
-0,981904468525407
-0,490638162216018
0,819560551763688
-0,496127018239175
0,927640713732197
-0,130686736327824
0,942544469715248
-0,0587376596920734
~
-1,21338615726337
-0,0112366043750717
-1,1326791675461
-0,225265963444398
-0,983864872588965
-0,484329866335357
0,818139016520077
-0,503405324143463
0,902955852583323
-0,206325085311652
0,945699883771594
-0,0571652734371108
~
-1,21740802775121
-0,00381332851847496
-1,14625037826507
-0,161278264590222
-0,986561082292131
-0,474336827373251
0,811852388595176
-0,512909849998251
0,897648129215748
-0,222721385859835
0,950098473513915
-0,0526703738076455
~
-1,20626264939477
0,0102918742772168
-1,13745425160465
-0,111110749738068
-0,980934636000791
-0,458054033568711
0,804765683923692
-0,50366396471876
0,894968810396788
-0,210542142719011
0,956163925347519
-0,046508161569296
~
-1,15231350554079
0,0388290913037348
-1,10199636725152
-0,112561554389189
-0,969176473053393
-0,449719373742796
0,79099745353419
-0,514974185464163
0,886660543228511
-0,191542598031196
0,952105205478745
-0,0375480730334835
~
-1,06123895932141
0,0738290494652682
-1,0189233123145
-0,12703461774826
-0,941239556223138
-0,424659295058287
0,789820716941873
-0,510002514191505
0,857880086322847
-0,140220094744881
0,923047125284077
-0,00619364299501713
~
-0,93610263180238
0,0975886823847882
-0,937405749177817
-0,0913968501364539
-0,900983426321386
-0,407188679821243
0,753388246365252
-0,447855107684748
0,802251541251842
-0,0798746991746208
0,851893708905641
0,0383142327544462
~
-0,7886517211776
0,112568399653709
-0,809839093521229
-0,139391238633344
-0,883126928684654
-0,413890000017898
0,742500132644908
-0,459118361978999
0,721936339743477
-0,0482718885034557
0,728510828060338
0,0967729819532202
~
-0,673318882055706
0,0584664926189842
-0,807866542541657
-0,133829539931455
-0,853002394999569
-0,467250893337321
0,702125735027876
-0,439289980167883
0,592716145314738
0,0654500496002502
0,588709408540252
0,160822575337335
~
-0,624958042461727
0,0794529956760229
-0,688804493030939
-0,142235234020252
-0,871401999342132
-0,456861746121853
0,752020543701562
-0,482196941101571
0,462685018977769
0,0934947380245765
0,476720125139506
0,254046346003041
~
-0,372048518579423
-0,028070689650764
-0,398000649427415
0,0506184425065629
-0,707068078561556
-0,335178768223622
0,706103340594603
-0,435125294331222
0,343821041111525
0,0622080934049405
0,254275385275259
0,24320293815314
~
-0,131730273641949
-0,0424194224869011
-0,394489067309034
0,0238188733092186
-0,698803282911059
-0,363562900865969
0,677626966868664
-0,44965024279361
0,129259208277742
-0,109353155253372
-0,0638904443065966
0,0685652956205455
~
-0,0512335543141776
-0,312359013846353
-0,284990180689839
-0,256500374470674
-0,720050516127176
-0,377844010945906
0,666863611608578
-0,450164413438955
0,0448859079511769
-0,181701888097052
-0,125905830293853
-0,0880734370438415
~
-0,0733907421949683
-0,314319452525669
-0,307207598346468
-0,258446428093679
-0,748267788645225
-0,377791908259449
0,666578182403859
-0,438148655280824
0,200305590517932
-0,284615623893922
-0,00785220839414186
-0,160884191125693
~
-0,0904447183193669
-0,112588663837501
-0,243582223237578
-0,22889769598638
-0,762217961296414
-0,374530374298673
0,669301851874436
-0,424828751955487
0,199678669283876
-0,325397019127607
-0,00571068454126401
-0,197333153927905
~
-0,0942605289164574
-0,0958611233755889
-0,253223860697102
-0,209459580971898
-0,772961603773287
-0,379389470459328
0,665336505914618
-0,419049493982368
0,188896657643501
-0,317714334619616
-0,0165303339331942
-0,194154230391354
~
-0,210757126170815
-0,167742666266277
-0,338655725732699
-0,262519822130408
-0,773666775932336
-0,374880851805851
0,664917803127431
-0,419630387069042
0,188418434649125
-0,324586297404555
-0,0169601779413285
-0,199731417401965
~
-0,0832960573345767
-0,0891601701845992
-0,285540605368608
-0,202506191777234
-0,773713074119149
-0,372303732984451
0,674524801000925
-0,420295111009895
0,198359294751926
-0,33307631278721
-0,00218176112931851
-0,20129094945329
~
-0,0836752489212865
-0,0890459025784526
-0,281529148810286
-0,205840105008392
-0,775246239796433
-0,373045752723338
0,670886976942308
-0,422639030315917
0,201935549336243
-0,300574307880985
-0,00904199065916136
-0,169546678064827
~
-0,0842393400467877
-0,0902349227713578
-0,278103445681459
-0,206710387407439
-0,775697602232447
-0,37087744948829
0,67974408091588
-0,415544659568991
0,211792056394825
-0,303795839537488
0,0104486256272567
-0,169146628892951
~
-0,0856784060604369
-0,089475995091866
-0,262091051896291
-0,165944036052799
-0,777426017497018
-0,366220198034056
0,694509028884028
-0,401449421519058
0,232705718140005
-0,305188763748399
0,00735440954380197
-0,200518015603258
~
-0,0952410231777361
-0,0972221639198706
-0,280177470057059
-0,189893124765525
-0,79629476583957
-0,371363632501808
0,740984728947266
-0,395151713364587
0,283367473263918
-0,31352215394808
0,0662893265532595
-0,211428042256027
~
-0,0842797763449605
-0,090314184668495
-0,339908084865692
-0,18932367346964
-0,841219035779788
-0,356828306052262
0,772841981742256
-0,402587924975684
0,321829553424088
-0,308695464210194
-0,1657911996954
-0,129731062274703
~
0,0124715268918254
-0,0497502331538981
-0,466176368874559
-0,251606261599656
-0,923220032931087
-0,340673439425882
0,789514210717247
-0,394889974536636
0,226327987973354
-0,117518502298
-0,303111305025711
-0,147995166554194
~
-0,52452990635783
-0,0217700519883513
-0,594066227279889
-0,200999602717504
-0,959037379226796
-0,330778421945839
0,822613587085894
-0,402879656235458
0,320169856867546
-0,139356218229018
0,162067870015174
-0,0285715373482912
~
-0,738688556095996
0,00474732990967325
-0,766412183111591
-0,00758287613702573
-1,02069176443909
-0,294692019168697
0,891806322918283
-0,354693394969101
0,453892956095691
0,013864629714514
0,391409251829011
0,0963370096970721
~
-0,947440306563921
0,0271791736403958
-0,951552712826651
-0,034780617175353
-1,09833036796878
-0,355786218226753
0,850139296070314
-0,350835139194094
0,531330798895779
0,0562061887015198
0,492483734831778
0,124451856728899
~
----
@Left hand swipe right
-1,15007477857193
-0,0254411067250686
-1,05563261666921
-0,211524077534745
-0,750209521556054
-0,522971835047293
0,758026480621489
-0,509500941709791
0,809221316548847
-0,361031290729452
0,873111235202646
-0,0795006757534023
~
-1,15056913843554
-0,0252605018966761
-1,05853369606519
-0,220101320175257
-0,748692172269377
-0,518884599853386
0,743712631424293
-0,467568868553255
0,839383836538865
-0,244864539383757
0,873028329744966
-0,079370931258364
~
-1,15292303851775
-0,0242425329979592
-1,05885773943698
-0,21473795363982
-0,753593760952119
-0,513713311075918
0,747415359816005
-0,495227770520733
0,832537620073524
-0,267689297699582
0,872981938769268
-0,0791749115930373
~
-1,1547912153266
-0,0235797242544143
-1,06097318195946
-0,209877462004813
-0,757398874454535
-0,511322665871824
0,752878454402819
-0,566498488215848
0,806570050218289
-0,386421547170932
0,872926081323135
-0,079407223741798
~
-1,15816953109935
-0,0225905624672228
-1,06433751193432
-0,206999008643057
-0,762680049839687
-0,507125056539599
0,750513242258245
-0,498365661787583
0,81200182820197
-0,381726288588641
0,872763701489893
-0,0796331756375083
~
-1,16270940400659
-0,0199966355597355
-1,04917204008481
-0,250161632495439
-0,769986144083379
-0,501486641879323
0,749639335268979
-0,496667145673732
0,814283047263733
-0,366868221102901
0,873312293267102
-0,0803837185423682
~
-1,16771038854637
-0,0187865627902737
-1,07878167399232
-0,201308487587273
-0,760099944181118
-0,514671433575433
0,752952223568811
-0,497816342520434
0,813045409370869
-0,387315193291069
0,873902411240322
-0,0814937618622067
~
-1,17239109480933
-0,0176188268223932
-1,07755136025663
-0,202413934054885
-0,757685994287486
-0,518298051473012
0,755265080010641
-0,498331980680104
0,815074589314487
-0,391618458585136
0,874887302145685
-0,0812628934282497
~
-1,17616671935225
-0,0162432069501048
-1,08337405432149
-0,19588649997
-0,767152118510001
-0,505905776812521
0,757446793507167
-0,49771527210558
0,814140734220704
-0,388803064005903
0,876567447962617
-0,0808141136043086
~
-1,17648293907845
-0,0155843972392379
-1,07997079697546
-0,196525541125012
-0,764170690709257
-0,511696323704521
0,752361001876788
-0,502772896494831
0,814304408587832
-0,385557269114815
0,877307423580814
-0,0806936639835945
~
-1,1760618826803
-0,0142587954713881
-1,08135656419029
-0,191275433903791
-0,772526828092161
-0,503782282204861
0,745520418572255
-0,561132959806781
0,813242620261559
-0,385273340950631
0,878907013528294
-0,0808628817266804
~
-1,1710283370234
-0,0117939718375596
-1,08470406475439
-0,184166472817444
-0,787189899254396
-0,489192397925589
0,770162576388328
-0,455304373469682
0,855292332896727
-0,250757654513083
0,882313882011863
-0,0822439655668597
~
-1,14769705553749
-0,00133549869779187
-1,05589504506285
-0,190735368589866
-0,806604044376284
-0,472464663104295
0,769097719727419
-0,478286213732462
0,854820298071284
-0,259230165586161
0,887720876376502
-0,0807254541279726
~
-1,08906420220862
0,0162108788761339
-1,03536302235461
-0,189553176474782
-0,824888597210261
-0,460830222102455
0,795672927287121
-0,537018598720288
0,86927846690655
-0,251630536381428
0,894397673695584
-0,0799524195042845
~
-1,00111170760797
0,0385490668230078
-0,978867066583877
-0,141176027540378
-0,835865759683797
-0,429638165072156
0,797746034486773
-0,532954783704301
0,869736839827788
-0,249957798741806
0,899860911034422
-0,080385708834778
~
-0,917344964282208
0,0564434672010972
-0,91909585298894
-0,168213100708088
-0,849030161593566
-0,403404152149859
0,795312340212815
-0,547471433742443
0,868663546106913
-0,259634636345167
0,902325095183012
-0,0831473876724421
~
-0,822862402032383
0,0728488401287324
-0,924049486100379
-0,232202841216672
-0,868669509950174
-0,396132680713177
0,797472084266646
-0,539902287792192
0,852852103402146
-0,323667296283681
0,90199959861205
-0,0836037932335741
~
-0,723916250829318
0,0832818536070483
-0,871150305398672
-0,167161041456996
-0,886219834434435
-0,371980474820216
0,795346358237754
-0,542874652824603
0,860472959159008
-0,287010047505848
0,901341517784857
-0,0843550932894851
~
-0,630444111340956
0,0953070505257196
-0,867921178458376
-0,12010894236368
-0,929060927613863
-0,334395694448519
0,801087063088366
-0,55229349035063
0,862248652215829
-0,295778756956755
0,909745977186156
-0,0853742686228667
~
-0,549238197745736
0,122168398391238
-0,645172419158449
0,0284071365148522
-0,952861179715029
-0,306261226247037
0,806204760739748
-0,538441954959264
0,880084302262047
-0,256903641589039
0,918992670512904
-0,0794556253782362
~
-0,379691329872198
0,17241075109002
-0,494641767343833
0,030888386393732
-0,921073208294086
-0,283671505014942
0,80015374534368
-0,521617637582774
0,868150361898913
-0,251817284650721
0,908008850814753
-0,0765376677753655
~
-0,254447314290187
0,132636754494346
-0,433401451264635
0,0331815344851432
-0,923490106238122
-0,273306660667154
0,794890626849525
-0,525288106797981
0,865304682471562
-0,282108483593666
0,904992735879089
-0,0872277207032345
~
-0,160557684004638
0,0753535686259792
-0,341109168045203
-0,0240135626007108
-0,899433042499736
-0,275426211059485
0,786953728634911
-0,542103980642655
0,857384207694789
-0,313497885232549
0,89709823738194
-0,11114729813168
~
-0,0608511280582819
0,0406642886487472
-0,284996164766895
-0,0332246251278939
-0,891903411386702
-0,276799999122748
0,781436872536723
-0,549087066567925
0,854840503457974
-0,346501308155409
0,89428665626358
-0,120936155989449
~
-0,0716518683305825
-0,0338030978480682
-0,252001167189896
-0,0514896585632574
-0,888379264246271
-0,278772817046431
0,770578526548672
-0,616709733654513
0,82959313491994
-0,42292646991359
0,891946509082284
-0,132991579382342
~
-0,046622597723176
-0,0545003076324396
-0,229104894368017
-0,0698837865542513
-0,8857624432178
-0,280617989639746
0,776718617440529
-0,542848736664623
0,862747260299905
-0,328636489713977
0,8900286631389
-0,143367023813105
~
0,078364965460811
-0,0514281025729417
-0,212130299594914
-0,0939723700822232
-0,882089683773376
-0,282078241380738
0,768279886438986
-0,555423995870174
0,850268693236365
-0,391581382884302
0,883060413601572
-0,155052259556342
~
0,0538363948624324
-0,11006989905294
-0,191175680594047
-0,118042292114788
-0,871779583190663
-0,283266936244269
0,762934002825033
-0,567952150420816
0,837739873559215
-0,352636603370308
0,877145350642158
-0,166863647470441
~
-0,0455124686933659
-0,0522293425816942
-0,170441137875343
-0,129337001927172
-0,857172631110787
-0,287273897320032
0,761690207959228
-0,569186835104915
0,837009522779889
-0,346205796451935
0,874937410705102
-0,174773185557346
~
-0,0810969006593112
-0,109959525416871
-0,310982318432878
-0,198653204703611
-0,825559392634548
-0,29309561460086
0,76680318939866
-0,585688197502078
0,834041687417995
-0,436709713974279
0,878343064560274
-0,179634962030266
~
-0,0577654179191001
-0,107696800179926
-0,288027685629276
-0,195821023476294
-0,803093107932154
-0,290280891243944
0,769814441914626
-0,578909080482405
0,869117022476528
-0,24164243565518
0,879266612627812
-0,182769799375589
~
0,0198940060742953
-0,0500278835291777
-0,140179626105411
-0,136705661393557
-0,804761438630556
-0,287326021476218
0,761368492167851
-0,583631054072785
0,866354320898119
-0,248690807701663
0,878331504318569
-0,184638515177502
~
0,0277688114124911
-0,0512608135569541
-0,137299089454448
-0,123718251851639
-0,806815222504444
-0,285056847928947
0,760526639805431
-0,586740565341881
0,863615797573609
-0,251056326745765
0,874660842597496
-0,1864522344351
~
----